10001  109.055
10011  108.217
10021  108.903
10031  107.758
10041  106.56
10051  106.403
10061  106.49
10071  107.253
10081  107.897
10091  106.193
10101  108.42
10111  104.468
10121  103.873
10131  103.842
10141  102.901
10151  106.384
10161  101.89
10171  105.57
10181  107.647
10191  110.392
10201  106.513
10211  108.289
10221  107.515
10231  107.662
10241  101.125
10251  104.434
10261  107.161
10271  103.35
10281  112.622
10291  111.389
10301  108.104
10311  111.361
10321  101.827
10331  100.752
10341  105.079
10351  110.681
10361  113.179
10371  110.042
10381  103.586
10391  109.348
10401  104.837
10411  107.422
10421  107.663
10431  106.483
10441  107.374
10451  106.481
10461  104.564
10471  102.762
10481  112.006
10491  105.414
10501  109.183
10511  109.133
10521  107.111
10531  103.646
10541  111.302
10551  118.423
10561  113.538
10571  109.127
10581  110.296
10591  102.864
10601  96.4261
10611  97.6854
10621  101.367
10631  104.419
10641  104.412
10651  111.421
10661  106.623
10671  107.151
10681  105.853
10691  107.862
10701  106.823
10711  103.673
10721  100.009
10731  101.409
10741  99.7513
10751  106.293
10761  105.596
10771  103.823
10781  103.631
10791  104.401
10801  109.008
10811  106.447
10821  105.733
10831  104.734
10841  109.312
10851  108.981
10861  106.585
10871  101.877
10881  107.815
10891  104.681
10901  111.242
10911  109.388
10921  100.338
10931  102.016
10941  101.665
10951  106.536
10961  105.064
10971  107.179
10981  102.768
10991  107.236
11001  109.21
11011  104.567
11021  107.427
11031  103.65
11041  105.248
11051  106.787
11061  102.802
11071  99.807
11081  102.167
11091  105.118
11101  106.899
11111  105.004
11121  104.139
11131  103.039
11141  108.37
11151  103.003
11161  112.067
11171  101.458
11181  106.349
11191  106.875
11201  106.351
11211  105.727
11221  107.205
11231  106.718
11241  109.185
11251  109.439
11261  109.273
11271  107.767
11281  108.549
11291  105.952
11301  109.71
11311  108.592
11321  107.864
11331  109.042
11341  111.147
11351  109.107
11361  103.248
11371  105.974
11381  106.83
11391  105.463
11401  102.412
11411  102.469
11421  107.27
11431  106.932
11441  111.063
11451  110.154
11461  114.05
11471  111.055
11481  104.947
11491  109.212
11501  108.287
11511  110.511
11521  112.414
11531  110.042
11541  111.166
11551  107.827
11561  109.267
11571  111.577
11581  110.052
11591  108.94
11601  106.549
11611  105.045
11621  105.712
11631  108.459
11641  109.302
11651  109.333
11661  106.623
11671  103.969
11681  101.857
11691  102.949
11701  106.688
11711  108.01
11721  103.529
11731  103.995
11741  101.248
11751  102.325
11761  100.603
11771  102.576
11781  104.91
11791  108.579
11801  108.287
11811  108.94
11821  111.744
11831  113.902
11841  111.899
11851  102.383
11861  105.892
11871  109.848
11881  104.646
11891  107.032
11901  107.154
11911  106.59
11921  106.05
11931  108.641
11941  105.857
11951  105.207
11961  105.207
11971  104.753
11981  105.442
11991  105.308
12001  103.949
12011  99.0808
12021  106.352
12031  107.746
12041  101.462
12051  99.3576
12061  101.226
12071  109.159
12081  113.131
12091  107.177
12101  109.515
12111  103.559
12121  103.188
12131  104.658
12141  102.703
12151  103.86
12161  107.327
12171  107.3
12181  106.961
12191  109.332
12201  112.688
12211  105.862
12221  106.552
12231  103.831
12241  104.709
12251  105.621
12261  107.257
12271  107.126
12281  107.368
12291  105.549
12301  107.66
12311  104.122
12321  100.481
12331  106.115
12341  115.243
12351  114.839
12361  114.814
12371  110.506
12381  105.569
12391  104.746
12401  105.423
12411  108.136
12421  103.31
12431  108.748
12441  105.487
12451  106.188
12461  108.561
12471  113.619
12481  111.614
12491  107.76
12501  105.995
12511  108.952
12521  110.338
12531  102.257
12541  105.982
12551  104.258
12561  108.738
12571  110.372
12581  111.092
12591  112.765
12601  110.829
12611  113.657
12621  107.674
12631  107.154
12641  107.335
12651  105.588
12661  109.7
12671  103.365
12681  110.043
12691  112.212
12701  108.29
12711  111.987
12721  110.048
12731  105.984
12741  107.069
12751  103.243
12761  104.933
12771  105.153
12781  106.228
12791  105.22
12801  101.454
12811  96.7189
12821  105.394
12831  104.445
12841  104.32
12851  105.978
12861  103.327
12871  107.018
12881  107.25
12891  110.87
12901  103.011
12911  103.711
12921  103.538
12931  105.559
12941  106.743
12951  105.72
12961  105.846
12971  111.515
12981  109.394
12991  101.295
13001  103.346
13011  106.792
13021  108.449
13031  105.508
13041  109.064
13051  109.7
13061  108.77
13071  106.718
13081  107.402
13091  107.453
13101  104.876
13111  101.185
13121  99.7167
13131  101.09
13141  103.612
13151  104.35
13161  103.533
13171  105.891
13181  104.858
13191  102.719
13201  101.083
13211  102.526
13221  102.595
13231  99.4576
13241  104.401
13251  109.635
13261  112.603
13271  104.119
13281  104.651
13291  107.436
13301  109.54
13311  108.843
13321  102.026
13331  101.027
13341  101.037
13351  106.114
13361  103.767
13371  106.937
13381  111.346
13391  112.278
13401  108.653
13411  108.625
13421  101.157
13431  106.704
13441  106.26
13451  103.722
13461  102.961
13471  104.499
13481  106.042
13491  106.456
13501  106.162
13511  101.701
13521  103.759
13531  104.316
13541  108.489
13551  112.452
13561  111.098
13571  110.883
13581  103.519
13591  101.584
13601  103.082
13611  108.975
13621  105.936
13631  108.996
13641  109.58
13651  104.005
13661  109.083
13671  112.051
13681  108.453
13691  106.262
13701  106.416
13711  104.247
13721  107.972
13731  107.877
13741  101.627
13751  102.663
13761  104.938
13771  102.763
13781  110.052
13791  106.52
13801  110.506
13811  110.801
13821  108.315
13831  110.718
13841  107.903
13851  110.634
13861  107.963
13871  107.138
13881  105.795
13891  107.145
13901  108.283
13911  105.006
13921  107.731
13931  108.756
13941  110.444
13951  106.854
13961  106.536
13971  102.857
13981  102.227
13991  103.397
14001  102.48
14011  102.226
14021  103.222
14031  103.996
14041  104.241
14051  104.555
14061  107.546
14071  106.211
14081  109.635
14091  109.209
14101  105.568
14111  104.328
14121  110.742
14131  102.788
14141  100.62
14151  101.391
14161  101.305
14171  106.472
14181  107.68
14191  105.632
14201  105.804
14211  105.14
14221  105.858
14231  102.439
14241  107.244
14251  108.932
14261  107.405
14271  107.666
14281  107.536
14291  104.664
14301  111.411
14311  108.002
14321  111.018
14331  111.667
14341  109.566
14351  112.106
14361  105.927
14371  107.6
14381  107.482
14391  111.145
14401  107.719
14411  108.447
14421  107.822
14431  104.177
14441  107.605
14451  104.034
14461  106.709
14471  110.372
14481  109.162
14491  101.655
14501  106.993
14511  100.184
14521  100.877
14531  108.816
14541  111.04
14551  104.826
14561  103.122
14571  106.794
14581  113.293
14591  105.407
14601  104.59
14611  106.78
14621  108.075
14631  105.954
14641  111.076
14651  102.062
14661  102.943
14671  102.872
14681  107.292
14691  95.4732
14701  103.226
14711  102.864
14721  105.387
14731  103.726
14741  106.187
14751  112.754
14761  106.118
14771  105.597
14781  104.725
14791  104.557
14801  102.522
14811  102.262
14821  105.348
14831  104.084
14841  101.588
14851  103.347
14861  104.015
14871  104.843
14881  105.018
14891  104.805
14901  105.56
14911  104.937
14921  104.677
14931  107.267
14941  109.045
14951  109.425
14961  108.875
14971  103.334
14981  106.987
14991  103.192
15001  106.617
15011  109.025
15021  104.118
15031  106.437
15041  110.157
15051  108.787
15061  109.797
15071  107.896
15081  113.261
15091  111.791
15101  109.457
15111  112.903
15121  113.862
15131  108.85
15141  106.611
15151  107.245
15161  105.842
15171  107.241
15181  105.138
15191  109.681
15201  109.432
15211  106.268
15221  108.199
15231  105.948
15241  107.073
15251  103.82
15261  103.461
15271  105.205
15281  110.107
15291  112.775
15301  107.253
15311  106.602
15321  111.417
15331  109.35
15341  101.091
15351  105.261
15361  107.477
15371  107.245
15381  106.462
15391  106.178
15401  106.711
15411  106.659
15421  109.265
15431  111.657
15441  108.745
15451  105.002
15461  105.521
15471  106.69
15481  103.234
15491  107.454
15501  101.151
15511  104.869
15521  109.074
15531  106.49
15541  113.927
15551  107.981
15561  104.395
15571  105.043
15581  105.901
15591  105.854
15601  107.941
15611  108.54
15621  109.757
15631  107.56
15641  106.583
15651  106.81
15661  107.872
15671  102.696
15681  103.337
15691  105.832
15701  105.876
15711  103.948
15721  105.481
15731  110.649
15741  109.042
15751  110.834
15761  105.993
15771  103.644
15781  106.379
15791  107.942
15801  102.678
15811  105.272
15821  110.367
15831  111.125
15841  110.176
15851  106.908
15861  108.267
15871  110.658
15881  102.774
15891  109.898
15901  110.141
15911  112.805
15921  106.376
15931  107.172
15941  101.317
15951  101.177
15961  111.887
15971  101.745
15981  105.196
15991  102.581
16001  102.249
16011  102.32
16021  106.783
16031  104.459
16041  103.081
16051  102.188
16061  108.784
16071  108.888
16081  110.744
16091  106.596
16101  107.133
16111  105.636
16121  110.47
16131  111.121
16141  108.082
16151  109.437
16161  109.562
16171  109.531
16181  107.671
16191  111.955
16201  112.14
16211  105.534
16221  108.596
16231  106.202
16241  108.129
16251  106.592
16261  106.824
16271  114.192
16281  109.239
16291  107.855
16301  104.507
16311  105.52
16321  104.65
16331  104.293
16341  103.92
16351  107.844
16361  103.575
16371  106.869
16381  106.384
16391  105.405
16401  104.224
16411  102.493
16421  106.635
16431  109.191
16441  103.269
16451  105.422
16461  107.258
16471  100.338
16481  104.317
16491  103.926
16501  106.734
16511  105.642
16521  106.351
16531  106.878
16541  105.26
16551  105.66
16561  103.117
16571  102.136
16581  100.126
16591  98.9736
16601  100.449
16611  102.668
16621  98.9261
16631  101.669
16641  104.677
16651  106.139
16661  109.407
16671  106.616
16681  100.407
16691  101.106
16701  105.593
16711  106.789
16721  103.523
16731  109.221
16741  105.772
16751  112.486
16761  112.304
16771  109.83
16781  108.502
16791  105.335
16801  108.243
16811  105.415
16821  105.716
16831  105.959
16841  103.75
16851  99.3115
16861  105.316
16871  108.18
16881  108.458
16891  108.52
16901  101.358
16911  99.4171
16921  99.5565
16931  100.072
16941  100.821
16951  103.997
16961  101.886
16971  104.756
16981  105.24
16991  103.589
17001  103.372
17011  102.457
17021  106.806
17031  110.205
17041  108.234
17051  101.738
17061  105.927
17071  103.091
17081  107.288
17091  107.136
17101  109.489
17111  108.133
17121  106.058
17131  106.192
17141  102.568
17151  107.695
17161  109.607
17171  103.976
17181  106.252
17191  108.193
17201  106.488
17211  106.465
17221  103.538
17231  100.555
17241  101.667
17251  104.059
17261  112.12
17271  111.735
17281  109.971
17291  112.162
17301  106.346
17311  107.265
17321  105.784
17331  108.298
17341  108.023
17351  110.84
17361  106.953
17371  105.583
17381  105.771
17391  103.018
17401  104.394
17411  110.397
17421  107.621
17431  107.155
17441  105.266
17451  106.159
17461  108.168
17471  102.877
17481  108.56
17491  106.201
17501  105.064
17511  103.497
17521  109.811
17531  106.341
17541  108.493
17551  108.269
17561  108.12
17571  108.49
17581  105.23
17591  105.354
17601  103.476
17611  104.326
17621  105.044
17631  105.857
17641  101.241
17651  101.05
17661  105.241
17671  111.5
17681  107.742
17691  110.966
17701  113.07
17711  107.797
17721  103.761
17731  103.847
17741  103.103
17751  108.102
17761  105.925
17771  108.105
17781  107.14
17791  103.179
17801  103.914
17811  103.997
17821  109.334
17831  110.676
17841  109.582
17851  108.928
17861  109.786
17871  104.814
17881  103.751
17891  102.425
17901  103.15
17911  104.771
17921  104.151
17931  105.468
17941  105.131
17951  106.217
17961  106.337
17971  104.331
17981  106.716
17991  106.991
18001  108.065
18011  109.879
18021  108.045
18031  106.702
18041  109.186
18051  109.832
18061  110.897
18071  110.488
18081  108.078
18091  110.437
18101  107.397
18111  110.469
18121  108.691
18131  107.313
18141  108.858
18151  106.752
18161  104.993
18171  108.935
18181  109.949
18191  107.831
18201  109.675
18211  112.179
18221  111.892
18231  106.537
18241  109.237
18251  103.785
18261  105.335
18271  105.666
18281  104.922
18291  101.965
18301  102.548
18311  103.99
18321  101.891
18331  104.116
18341  104.357
18351  103.939
18361  106.021
18371  103.198
18381  107.011
18391  106.306
18401  109.294
18411  108.127
18421  108.642
18431  106.838
18441  103.373
18451  105.084
18461  106.902
18471  104.57
18481  104.464
18491  103.232
18501  104.366
18511  105.323
18521  107.737
18531  110.109
18541  107.288
18551  111.723
18561  104.48
18571  103.615
18581  104.228
18591  110.997
18601  107.353
18611  104.928
18621  106.344
18631  108.548
18641  108.428
18651  104.567
18661  105.989
18671  107.698
18681  105.85
18691  107.044
18701  107.614
18711  106.991
18721  106.176
18731  106.744
18741  107.677
18751  108.169
18761  110.974
18771  112.087
18781  109.478
18791  109.88
18801  110.216
18811  107.787
18821  102.702
18831  101.656
18841  111.737
18851  111.381
18861  103.905
18871  101.759
18881  105.415
18891  102.956
18901  109.691
18911  107.077
18921  99.9828
18931  104.504
18941  106.501
18951  106.647
18961  105.645
18971  104.578
18981  106.321
18991  107.772
19001  103.135
19011  104.497
19021  107.211
19031  110.311
19041  102.073
19051  106.959
19061  105.272
19071  109.157
19081  106.831
19091  106.094
19101  104.101
19111  104.647
19121  105.307
19131  105.217
19141  104.858
19151  103.97
19161  104.1
19171  100.951
19181  102.135
19191  109.284
19201  108.188
19211  105.218
19221  103.2
19231  103.762
19241  100.135
19251  106.606
19261  107.203
19271  109.148
19281  107.331
19291  103.532
19301  107.392
19311  103.561
19321  106.33
19331  109.704
19341  109.801
19351  110.318
19361  109.525
19371  99.0439
19381  104.219
19391  105.769
19401  106.45
19411  106.519
19421  108.786
19431  109.351
19441  102.988
19451  104.182
19461  106.174
19471  107.029
19481  107.641
19491  113.194
19501  107.493
19511  107.581
19521  109.232
19531  113.599
19541  112.388
19551  106.823
19561  101.704
19571  101.304
19581  106.967
19591  103.892
19601  103.616
19611  101.492
19621  104.329
19631  99.3262
19641  96.971
19651  106.288
19661  108.056
19671  107.734
19681  105.422
19691  103.611
19701  107.067
19711  105.596
19721  110.493
19731  109.998
19741  109.353
19751  111.583
19761  111.449
19771  111.035
19781  110.892
19791  108.462
19801  106.805
19811  102.447
19821  107.37
19831  106.468
19841  106.953
19851  105.578
19861  109.03
19871  106.868
19881  103.689
19891  107.077
19901  105.551
19911  104.225
19921  104.164
19931  107.736
19941  105.354
19951  101.735
19961  107.627
19971  107.468
19981  100.775
19991  101.366
10001  6.08758
10011  6.33076
10021  6.13253
10031  6.12544
10041  6.23347
10051  6.14338
10061  6.13444
10071  6.21464
10081  6.08677
10091  6.19824
10101  6.01509
10111  6.23093
10121  6.28734
10131  6.29281
10141  6.32036
10151  6.16025
10161  6.31704
10171  6.25605
10181  6.1131
10191  5.99339
10201  6.15758
10211  6.11893
10221  6.14559
10231  6.11139
10241  6.41933
10251  6.31225
10261  6.11958
10271  6.32838
10281  5.99977
10291  6.03771
10301  6.03009
10311  6.08825
10321  6.30533
10331  6.46126
10341  6.32145
10351  5.9893
10361  5.94918
10371  6.02769
10381  6.26686
10391  6.1146
10401  6.25116
10411  6.27496
10421  6.10281
10431  6.20101
10441  6.22409
10451  6.16873
10461  6.20824
10471  6.43176
10481  5.95894
10491  6.20385
10501  6.1261
10511  6.1366
10521  6.18034
10531  6.24587
10541  5.96628
10551  5.78491
10561  5.91096
10571  6.162
10581  6.05541
10591  6.37799
10601  6.55041
10611  6.51887
10621  6.42059
10631  6.2769
10641  6.261
10651  6.08304
10661  6.18721
10671  6.24008
10681  6.22021
10691  6.20148
10701  6.2353
10711  6.23246
10721  6.36629
10731  6.36783
10741  6.39881
10751  6.20711
10761  6.28213
10771  6.3198
10781  6.19559
10791  6.2416
10801  6.06502
10811  6.18927
10821  6.25623
10831  6.22265
10841  6.14736
10851  6.16119
10861  6.25834
10871  6.38079
10881  6.13758
10891  6.26548
10901  6.01274
10911  6.10887
10921  6.3645
10931  6.34289
10941  6.37621
10951  6.22917
10961  6.36788
10971  6.17106
10981  6.44307
10991  6.19926
11001  6.06892
11011  6.29778
11021  6.12258
11031  6.24625
11041  6.14205
11051  6.18256
11061  6.38985
11071  6.4746
11081  6.31003
11091  6.2367
11101  6.21398
11111  6.16026
11121  6.25085
11131  6.35893
11141  6.08954
11151  6.28052
11161  5.95882
11171  6.41153
11181  6.14942
11191  6.19909
11201  6.13329
11211  6.22552
11221  6.19792
11231  6.16909
11241  6.1307
11251  6.07047
11261  6.10372
11271  6.11172
11281  6.15997
11291  6.22899
11301  6.03188
11311  6.04861
11321  6.13436
11331  6.1827
11341  5.97488
11351  6.08183
11361  6.30131
11371  6.32219
11381  6.18116
11391  6.18742
11401  6.25314
11411  6.26753
11421  6.03415
11431  6.09451
11441  6.02944
11451  6.02568
11461  5.90643
11471  6.04238
11481  6.24193
11491  5.96023
11501  6.07351
11511  6.06554
11521  5.93374
11531  6.01362
11541  5.99412
11551  6.12279
11561  6.0185
11571  6.05793
11581  6.0688
11591  6.13963
11601  6.20437
11611  6.19619
11621  6.18286
11631  6.13619
11641  6.0823
11651  6.00665
11661  6.18367
11671  6.27304
11681  6.42003
11691  6.3161
11701  6.14888
11711  6.11201
11721  6.29331
11731  6.20217
11741  6.34729
11751  6.27914
11761  6.45053
11771  6.31831
11781  6.21228
11791  6.1177
11801  6.07303
11811  6.03175
11821  5.94821
11831  5.90047
11841  5.96846
11851  6.34144
11861  6.22511
11871  5.95199
11881  6.16583
11891  6.22945
11901  6.1108
11911  6.23201
11921  6.11486
11931  6.10431
11941  6.20563
11951  6.30999
11961  6.23824
11971  6.25335
11981  6.23205
11991  6.28017
12001  6.30257
12011  6.44909
12021  6.17271
12031  6.1487
12041  6.38545
12051  6.56771
12061  6.33957
12071  6.1156
12081  6.02834
12091  6.19229
12101  6.09214
12111  6.18798
12121  6.2595
12131  6.20915
12141  6.45149
12151  6.20768
12161  6.14054
12171  6.18616
12181  6.25034
12191  6.10668
12201  6.07849
12211  6.12294
12221  6.18109
12231  6.26134
12241  6.20045
12251  6.24685
12261  6.13094
12271  6.25926
12281  6.17116
12291  6.22924
12301  6.15833
12311  6.25908
12321  6.4249
12331  6.20194
12341  5.8729
12351  5.86413
12361  5.90072
12371  6.02096
12381  6.34381
12391  6.18669
12401  6.24533
12411  6.12712
12421  6.34164
12431  6.08391
12441  6.20003
12451  6.22129
12461  6.09992
12471  5.87253
12481  6.0008
12491  6.16363
12501  6.17178
12511  5.98891
12521  6.088
12531  6.3513
12541  6.37848
12551  6.28645
12561  6.08939
12571  6.02335
12581  6.00608
12591  5.95564
12601  6.07835
12611  5.97884
12621  6.28056
12631  6.21676
12641  6.1132
12651  6.25576
12661  6.01741
12671  6.32205
12681  6.03148
12691  5.96444
12701  6.11372
12711  6.0387
12721  6.08217
12731  6.20645
12741  6.2147
12751  6.35065
12761  6.27913
12771  6.24567
12781  6.17704
12791  6.23666
12801  6.35901
12811  6.53415
12821  6.30989
12831  6.23566
12841  6.28745
12851  6.25607
12861  6.33881
12871  6.20582
12881  6.16444
12891  6.03122
12901  6.20625
12911  6.22552
12921  6.26969
12931  6.38058
12941  6.07362
12951  6.28439
12961  6.19866
12971  5.98596
12981  6.08684
12991  6.41418
13001  6.33272
13011  6.08862
13021  6.07638
13031  6.24015
13041  6.08022
13051  6.0512
13061  6.06626
13071  6.2421
13081  6.2047
13091  6.12517
13101  6.27707
13111  6.3844
13121  6.41275
13131  6.38635
13141  6.24712
13151  6.26933
13161  6.28803
13171  6.17624
13181  6.24647
13191  6.31424
13201  6.35159
13211  6.34626
13221  6.31097
13231  6.40186
13241  6.32743
13251  6.03856
13261  5.89665
13271  6.36298
13281  6.23977
13291  6.12016
13301  6.22216
13311  6.10571
13321  6.28334
13331  6.45807
13341  6.3661
13351  6.20069
13361  6.15151
13371  6.2053
13381  6.05863
13391  6.02924
13401  6.09774
13411  6.13432
13421  6.37999
13431  6.30283
13441  6.1918
13451  6.33942
13461  6.26104
13471  6.26693
13481  6.25177
13491  6.25548
13501  6.22084
13511  6.36409
13521  6.26621
13531  6.17171
13541  6.03899
13551  5.9231
13561  6.09445
13571  5.93747
13581  6.32297
13591  6.40385
13601  6.24919
13611  5.97318
13621  6.14565
13631  6.0483
13641  5.94156
13651  6.27467
13661  6.10782
13671  5.98767
13681  6.10662
13691  6.17764
13701  6.15608
13711  6.31127
13721  6.15148
13731  6.13154
13741  6.34268
13751  6.30468
13761  6.20026
13771  6.34348
13781  6.03309
13791  6.13577
13801  5.94204
13811  6.03883
13821  6.24973
13831  5.97482
13841  6.09951
13851  6.09976
13861  6.12334
13871  6.11095
13881  6.20954
13891  6.22345
13901  6.1233
13911  6.26792
13921  6.14947
13931  6.13617
13941  6.03417
13951  6.08449
13961  6.26463
13971  6.35075
13981  6.42627
13991  6.34625
14001  6.3002
14011  6.32397
14021  6.29863
14031  6.30891
14041  6.40627
14051  6.32224
14061  6.22124
14071  6.26189
14081  5.99054
14091  6.12594
14101  6.2497
14111  6.19072
14121  5.97241
14131  6.38944
14141  6.33632
14151  6.35086
14161  6.37734
14171  6.09448
14181  6.06231
14191  6.22001
14201  6.16472
14211  6.18905
14221  6.24845
14231  6.30067
14241  6.12624
14251  6.1465
14261  6.04936
14271  6.19826
14281  6.09586
14291  6.22333
14301  6.02641
14311  6.09041
14321  6.07315
14331  6.05121
14341  6.09429
14351  5.94826
14361  6.1689
14371  6.17174
14381  6.11252
14391  5.98153
14401  6.08254
14411  6.17261
14421  6.08645
14431  6.19112
14441  6.18333
14451  6.30044
14461  6.05955
14471  6.06345
14481  6.1298
14491  6.35007
14501  6.17158
14511  6.44882
14521  6.33971
14531  6.04212
14541  6.05305
14551  6.25094
14561  6.41177
14571  6.26309
14581  5.84887
14591  6.32675
14601  6.26364
14611  6.23451
14621  6.13178
14631  6.13589
14641  6.01883
14651  6.38904
14661  6.28989
14671  6.27234
14681  6.11625
14691  6.53297
14701  6.27014
14711  6.36045
14721  6.17042
14731  6.27207
14741  6.24851
14751  5.92353
14761  6.22289
14771  6.26505
14781  6.28554
14791  6.27224
14801  6.33347
14811  6.24074
14821  6.27992
14831  6.35277
14841  6.35256
14851  6.34359
14861  6.3004
14871  6.23933
14881  6.22168
14891  6.20655
14901  6.25863
14911  6.21735
14921  6.26184
14931  6.10113
14941  6.18435
14951  6.12503
14961  6.045
14971  6.30646
14981  6.14805
14991  6.3485
15001  6.25129
15011  6.14573
15021  6.19129
15031  6.17547
15041  6.04228
15051  6.02455
15061  6.06464
15071  6.1429
15081  5.92194
15091  5.95684
15101  6.10056
15111  5.88659
15121  5.96647
15131  6.01608
15141  6.1698
15151  6.14993
15161  6.17548
15171  6.30366
15181  6.16798
15191  6.02936
15201  6.14342
15211  6.1631
15221  6.08216
15231  6.19643
15241  6.16026
15251  6.26149
15261  6.31996
15271  6.20736
15281  6.05648
15291  5.97127
15301  6.12688
15311  6.24497
15321  5.95188
15331  6.15427
15341  6.47222
15351  6.20881
15361  6.17939
15371  6.05645
15381  6.2659
15391  6.1914
15401  6.19521
15411  6.26265
15421  6.0464
15431  6.00255
15441  6.12636
15451  6.21846
15461  6.22875
15471  6.20995
15481  6.33863
15491  6.13514
15501  6.43113
15511  6.20236
15521  5.99718
15531  6.16013
15541  5.88603
15551  6.21678
15561  6.33439
15571  6.28588
15581  6.26376
15591  6.19854
15601  6.11816
15611  6.02962
15621  5.97685
15631  6.13365
15641  6.25197
15651  6.23228
15661  6.02231
15671  6.35386
15681  6.25842
15691  6.33454
15701  6.18982
15711  6.34176
15721  6.22907
15731  6.00103
15741  6.038
15751  5.98148
15761  6.18811
15771  6.33863
15781  6.22461
15791  6.1644
15801  6.34136
15811  6.14487
15821  6.12011
15831  6.05974
15841  6.10203
15851  6.10703
15861  6.11891
15871  6.08653
15881  6.27128
15891  6.07558
15901  6.00629
15911  5.90087
15921  6.22371
15931  6.1297
15941  6.41427
15951  6.31443
15961  5.97638
15971  6.41081
15981  6.31462
15991  6.39445
16001  6.4232
16011  6.33229
16021  6.24807
16031  6.23331
16041  6.35749
16051  6.33954
16061  6.11031
16071  6.1653
16081  6.02519
16091  6.16829
16101  6.184
16111  6.1771
16121  6.09492
16131  6.06758
16141  6.19922
16151  6.13493
16161  6.01552
16171  6.05891
16181  6.16592
16191  5.94291
16201  5.97237
16211  6.19573
16221  6.17305
16231  6.05856
16241  6.17921
16251  6.12175
16261  6.16874
16271  5.89518
16281  6.1426
16291  6.12587
16301  6.25385
16311  6.24194
16321  6.22374
16331  6.3233
16341  6.36696
16351  6.10028
16361  6.28814
16371  6.22587
16381  6.23012
16391  6.14305
16401  6.32789
16411  6.30113
16421  6.27619
16431  6.27745
16441  6.32361
16451  6.34412
16461  6.07737
16471  6.38828
16481  6.27693
16491  6.22035
16501  6.20012
16511  6.2361
16521  6.09
16531  6.16752
16541  6.25291
16551  6.23918
16561  6.24192
16571  6.24827
16581  6.39159
16591  6.39611
16601  6.47617
16611  6.39998
16621  6.50864
16631  6.36699
16641  6.23383
16651  6.1719
16661  6.08638
16671  6.19356
16681  6.43607
16691  6.4213
16701  6.16684
16711  6.22394
16721  6.33094
16731  6.11329
16741  6.17479
16751  5.97904
16761  5.86387
16771  6.13229
16781  6.07025
16791  6.27216
16801  6.16108
16811  6.20637
16821  6.18229
16831  6.12929
16841  6.2424
16851  6.33661
16861  6.31441
16871  6.06778
16881  6.10486
16891  6.16608
16901  6.47129
16911  6.47782
16921  6.45917
16931  6.45436
16941  6.47295
16951  6.43076
16961  6.39431
16971  6.34511
16981  6.24216
16991  6.21702
17001  6.2796
17011  6.41473
17021  6.25736
17031  5.98902
17041  6.21148
17051  6.40215
17061  6.21278
17071  6.33269
17081  6.2516
17091  6.1547
17101  6.01382
17111  6.10343
17121  6.26922
17131  6.13813
17141  6.36731
17151  6.17317
17161  6.02657
17171  6.38852
17181  6.14868
17191  6.1244
17201  6.1868
17211  6.22559
17221  6.33411
17231  6.47832
17241  6.3694
17251  6.31956
17261  5.94786
17271  5.86438
17281  6.0579
17291  5.99343
17301  6.21792
17311  6.18277
17321  6.18347
17331  6.16727
17341  6.02603
17351  5.95061
17361  6.03568
17371  6.21988
17381  6.20296
17391  6.28826
17401  6.29443
17411  5.98275
17421  6.15135
17431  6.15913
17441  6.19825
17451  6.20874
17461  6.19467
17471  6.30818
17481  6.12195
17491  6.15225
17501  6.25369
17511  6.32157
17521  5.96527
17531  6.23254
17541  6.1416
17551  6.26235
17561  6.13296
17571  6.02658
17581  6.22717
17591  6.25118
17601  6.31672
17611  6.27016
17621  6.25105
17631  6.17653
17641  6.39597
17651  6.48452
17661  6.32272
17671  6.02231
17681  6.06729
17691  6.00111
17701  6.01899
17711  6.19821
17721  6.36861
17731  6.24427
17741  6.32573
17751  6.17726
17761  6.22549
17771  6.22104
17781  6.13004
17791  6.33009
17801  6.18441
17811  6.30346
17821  6.07353
17831  6.01332
17841  6.00645
17851  6.15711
17861  5.94688
17871  6.20632
17881  6.39153
17891  6.46456
17901  6.32631
17911  6.21766
17921  6.24491
17931  6.16198
17941  6.21562
17951  6.17795
17961  6.16191
17971  6.25009
17981  6.12543
17991  6.23128
18001  6.1303
18011  6.0248
18021  6.09943
18031  6.27329
18041  6.05987
18051  6.03298
18061  5.96497
18071  6.02552
18081  6.11826
18091  6.12879
18101  6.15951
18111  6.05283
18121  6.1274
18131  6.12579
18141  6.0837
18151  6.20045
18161  6.19707
18171  6.0609
18181  6.09854
18191  6.19325
18201  5.94024
18211  5.97748
18221  6.05057
18231  6.15364
18241  6.10362
18251  6.29632
18261  6.12008
18271  6.18837
18281  6.11458
18291  6.43363
18301  6.30537
18311  6.24334
18321  6.34067
18331  6.26571
18341  6.31565
18351  6.29915
18361  6.23569
18371  6.24905
18381  6.18833
18391  6.21531
18401  6.07861
18411  6.03703
18421  6.07677
18431  6.23927
18441  6.319
18451  6.24343
18461  6.24643
18471  6.25711
18481  6.26637
18491  6.33284
18501  6.29911
18511  6.35358
18521  6.03544
18531  6.02532
18541  6.08252
18551  6.05593
18561  6.1737
18571  6.33066
18581  6.27774
18591  6.01793
18601  6.18441
18611  6.29036
18621  6.31287
18631  6.05868
18641  6.20141
18651  6.32582
18661  6.20367
18671  6.2046
18681  6.12445
18691  6.14226
18701  6.1442
18711  6.22577
18721  6.19891
18731  6.11905
18741  6.13885
18751  6.09599
18761  6.02473
18771  5.96625
18781  6.0395
18791  5.97583
18801  5.9697
18811  6.12844
18821  6.36997
18831  6.36229
18841  5.98733
18851  5.95916
18861  6.26428
18871  6.34213
18881  6.21036
18891  6.27358
18901  6.14316
18911  6.2386
18921  6.37683
18931  6.24743
18941  6.23161
18951  6.15859
18961  6.175
18971  6.28809
18981  6.10429
18991  6.02104
19001  6.35679
19011  6.36007
19021  5.91213
19031  5.98959
19041  6.38285
19051  6.14249
19061  6.19132
19071  6.11047
19081  6.19196
19091  6.12725
19101  6.33138
19111  6.24614
19121  6.25316
19131  6.2439
19141  6.23773
19151  6.26042
19161  6.32902
19171  6.34494
19181  6.26101
19191  6.2163
19201  6.16466
19211  6.17342
19221  6.24891
19231  6.34134
19241  6.42328
19251  6.12252
19261  6.24158
19271  6.06177
19281  6.13982
19291  6.26068
19301  6.21763
19311  6.29827
19321  6.13746
19331  6.04268
19341  6.02793
19351  6.12787
19361  6.01429
19371  6.54451
19381  6.27158
19391  6.13497
19401  6.23536
19411  6.22098
19421  6.0701
19431  6.14189
19441  6.3512
19451  6.31381
19461  6.27067
19471  6.10855
19481  6.14544
19491  5.93764
19501  6.17408
19511  6.1877
19521  6.12371
19531  5.89439
19541  5.95925
19551  6.10317
19561  6.31852
19571  6.39507
19581  6.23237
19591  6.25446
19601  6.34006
19611  6.33593
19621  6.32718
19631  6.48839
19641  6.52859
19651  6.16318
19661  6.20115
19671  6.16391
19681  6.21061
19691  6.22647
19701  6.14524
19711  6.21281
19721  5.998
19731  6.02282
19741  6.05373
19751  5.93577
19761  6.0649
19771  5.96029
19781  5.9802
19791  6.14251
19801  6.25005
19811  6.37969
19821  6.17162
19831  6.07141
19841  6.15956
19851  6.18558
19861  5.98071
19871  6.20751
19881  6.28253
19891  6.28487
19901  6.22479
19911  6.23114
19921  6.2126
19931  6.16035
19941  6.20186
19951  6.26779
19961  6.07422
19971  6.26142
19981  6.37041
19991  6.36527
10001  18.2055
10011  17.8081
10021  14.7897
10031  15.7536
10041  15.4903
10051  18.2334
10061  15.5609
10071  15.6958
10081  16.4011
10091  16.4897
10101  15.7212
10111  16.7511
10121  16.8906
10131  16.2491
10141  16.6471
10151  15.6911
10161  16.9647
10171  16.2021
10181  17.592
10191  15.5964
10201  16.4707
10211  16.7544
10221  16.1516
10231  18.1173
10241  16.1412
10251  16.1041
10261  17.018
10271  17.7026
10281  16.7084
10291  16.5724
10301  16.4119
10311  17.7919
10321  16.0131
10331  15.6231
10341  16.3103
10351  14.8029
10361  16.9259
10371  15.5868
10381  16.2212
10391  14.5093
10401  16.8937
10411  15.9313
10421  16.4595
10431  15.9941
10441  17.5906
10451  16.3013
10461  16.5919
10471  16.0716
10481  14.8739
10491  18.1702
10501  16.8935
10511  15.4766
10521  16.3099
10531  16.3234
10541  17.0584
10551  17.4526
10561  19.2988
10571  16.4339
10581  16.3053
10591  15.888
10601  15.6239
10611  15.3691
10621  17.3597
10631  15.4774
10641  16.7171
10651  17.2882
10661  15.3258
10671  16.2537
10681  16.1409
10691  15.9181
10701  15.4517
10711  16.144
10721  16.5963
10731  15.7592
10741  16.3925
10751  15.8405
10761  16.3719
10771  16.805
10781  16.0881
10791  17.5498
10801  17.7775
10811  15.7266
10821  16.0745
10831  14.4905
10841  17.8878
10851  17.0369
10861  14.2288
10871  16.274
10881  15.873
10891  13.8933
10901  16.9096
10911  16.5596
10921  16.0524
10931  15.6554
10941  17.4869
10951  15.3634
10961  16.4474
10971  17.3606
10981  16.7903
10991  18.035
11001  16.8158
11011  15.2478
11021  16.6786
11031  15.6338
11041  16.391
11051  14.8176
11061  16.4491
11071  16.1036
11081  16.4496
11091  17.4272
11101  17.0962
11111  15.821
11121  15.5267
11131  16.3072
11141  15.7489
11151  16.6137
11161  15.5711
11171  16.5376
11181  16.6868
11191  15.8192
11201  15.5744
11211  16.4299
11221  17.4628
11231  14.7663
11241  15.8624
11251  17.3599
11261  15.6591
11271  16.4407
11281  17.1509
11291  19.9891
11301  17.3184
11311  15.8041
11321  15.1845
11331  17.322
11341  16.76
11351  17.3582
11361  14.8982
11371  15.9148
11381  15.7779
11391  18.4485
11401  15.2727
11411  15.0318
11421  16.0757
11431  16.4553
11441  19.3813
11451  14.5817
11461  15.2574
11471  15.7203
11481  14.4479
11491  17.0195
11501  17.5544
11511  15.6261
11521  16.7118
11531  14.9071
11541  15.6753
11551  14.9086
11561  15.7925
11571  14.7983
11581  17.5726
11591  17.6701
11601  16.3918
11611  20.0563
11621  16.012
11631  15.3946
11641  16.0387
11651  16.314
11661  15.2141
11671  16.3925
11681  16.6934
11691  14.6491
11701  15.5757
11711  15.5299
11721  16.6284
11731  16.8451
11741  14.5977
11751  16.424
11761  15.2862
11771  15.2057
11781  16.1129
11791  15.4139
11801  16.8098
11811  17.5825
11821  17.8134
11831  16.7323
11841  15.9927
11851  16.4505
11861  16.3685
11871  18.5479
11881  15.2513
11891  15.651
11901  16.1212
11911  16.5544
11921  16.8114
11931  15.6346
11941  15.5806
11951  16.6388
11961  16.7593
11971  17.3873
11981  15.3591
11991  15.3899
12001  18.7628
12011  15.0626
12021  14.7097
12031  14.9682
12041  16.4983
12051  16.5627
12061  18.1937
12071  17.6557
12081  15.5234
12091  17.0312
12101  15.5363
12111  16.2238
12121  17.9762
12131  17.1718
12141  17.3431
12151  14.8012
12161  15.7862
12171  16.0932
12181  15.7412
12191  15.7577
12201  18.8
12211  17.5381
12221  16.8296
12231  16.6455
12241  16.3627
12251  18.4358
12261  17.22
12271  17.4908
12281  15.5342
12291  16.9805
12301  16.8483
12311  17.0133
12321  17.3598
12331  15.9234
12341  17.567
12351  17.4968
12361  16.2754
12371  17.0066
12381  15.4212
12391  15.5975
12401  15.6399
12411  15.3348
12421  16.8279
12431  15.7437
12441  16.7518
12451  16.6064
12461  17.6258
12471  17.9825
12481  15.9481
12491  15.8549
12501  18.9164
12511  16.7359
12521  14.5241
12531  18.162
12541  16.6236
12551  16.8849
12561  18.9241
12571  15.679
12581  16.7061
12591  16.8831
12601  15.8365
12611  14.9148
12621  15.6861
12631  16.9572
12641  15.8678
12651  16.5009
12661  15.5742
12671  18.1846
12681  16.7297
12691  15.4634
12701  16.6228
12711  16.0004
12721  15.3484
12731  16.1996
12741  17.1398
12751  15.7739
12761  16.3193
12771  16.3098
12781  15.7709
12791  15.0941
12801  16.5891
12811  15.9875
12821  16.6585
12831  16.1679
12841  15.424
12851  16.3555
12861  17.9592
12871  16.253
12881  16.8074
12891  17.5724
12901  15.5861
12911  15.4115
12921  15.5149
12931  16.548
12941  18.6393
12951  15.0429
12961  16.376
12971  18.3429
12981  14.3829
12991  16.7566
13001  15.8091
13011  15.7571
13021  15.5589
13031  16.0887
13041  16.7346
13051  16.6778
13061  15.1231
13071  16.8271
13081  14.3481
13091  17.3833
13101  17.2159
13111  17.8717
13121  17.2607
13131  17.7939
13141  15.7902
13151  16.356
13161  16.4736
13171  16.3042
13181  16.2518
13191  15.3192
13201  15.1326
13211  17.1019
13221  17.8268
13231  18.0098
13241  14.4006
13251  15.0065
13261  17.0162
13271  16.4427
13281  16.1197
13291  14.8849
13301  17.6968
13311  16.0205
13321  16.6954
13331  15.957
13341  15.8944
13351  15.5217
13361  18.0231
13371  16.0375
13381  15.8691
13391  16.5219
13401  17.429
13411  15.803
13421  16.4575
13431  14.9908
13441  14.6143
13451  17.4852
13461  15.6226
13471  16.3689
13481  16.5954
13491  15.8658
13501  14.8467
13511  15.6714
13521  16.5005
13531  15.9229
13541  15.1061
13551  16.4251
13561  16.5421
13571  15.5246
13581  16.6644
13591  19.3737
13601  16.8823
13611  18.1582
13621  16.5465
13631  15.667
13641  17.7283
13651  14.174
13661  13.9364
13671  16.7033
13681  15.0516
13691  14.9738
13701  14.8508
13711  15.8269
13721  16.7459
13731  18.4105
13741  16.0105
13751  16.739
13761  17.0231
13771  14.3296
13781  18.4502
13791  15.3144
13801  15.8379
13811  15.6317
13821  16.4027
13831  16.1689
13841  17.5817
13851  15.0854
13861  18.4376
13871  16.1923
13881  17.1225
13891  14.828
13901  15.7206
13911  14.3001
13921  15.8403
13931  15.1363
13941  15.5199
13951  15.7731
13961  15.1989
13971  16.0541
13981  17.9655
13991  14.983
14001  15.6639
14011  16.1505
14021  17.2893
14031  16.7742
14041  15.6043
14051  17.6344
14061  15.8402
14071  15.0167
14081  15.3079
14091  16.6161
14101  16.2124
14111  15.4271
14121  15.4033
14131  15.2784
14141  16.4337
14151  18.2626
14161  16.9695
14171  15.7514
14181  16.3331
14191  14.9629
14201  16.1044
14211  15.1157
14221  15.3448
14231  17.892
14241  14.6963
14251  15.8826
14261  16.1655
14271  18.7037
14281  15.9962
14291  16.6223
14301  16.577
14311  17.9822
14321  18.0478
14331  14.9492
14341  16.2843
14351  15.4278
14361  16.1811
14371  16.0074
14381  14.996
14391  14.5148
14401  15.3344
14411  14.9233
14421  16.0501
14431  16.7271
14441  17.3306
14451  16.5842
14461  16.507
14471  15.595
14481  18.0002
14491  15.336
14501  15.2524
14511  17.0467
14521  17.205
14531  13.9557
14541  16.3546
14551  17.7455
14561  18.3877
14571  17.3328
14581  17.7078
14591  17.2712
14601  15.9325
14611  16.5318
14621  16.1932
14631  16.6507
14641  16.3987
14651  15.4065
14661  15.636
14671  16.1772
14681  16.1323
14691  17.1539
14701  16.1404
14711  15.782
14721  16.2095
14731  15.4203
14741  17.6824
14751  18.885
14761  16.6472
14771  14.9389
14781  16.2732
14791  15.6108
14801  16.8573
14811  18.2238
14821  15.8479
14831  15.994
14841  16.0171
14851  19.0635
14861  16.9327
14871  15.3029
14881  15.7306
14891  16.1624
14901  16.1847
14911  15.5714
14921  16.3908
14931  16.236
14941  16.1483
14951  15.2611
14961  17.1574
14971  15.3472
14981  15.8674
14991  18.2428
15001  17.2245
15011  15.3347
15021  16.8798
15031  16.7105
15041  15.9658
15051  17.7985
15061  15.5573
15071  16.5671
15081  16.1452
15091  17.5438
15101  16.3821
15111  15.72
15121  16.5861
15131  14.5114
15141  16.4755
15151  16.7156
15161  16.2042
15171  16.2952
15181  14.7738
15191  17.1611
15201  15.4806
15211  16.7868
15221  15.5306
15231  14.7482
15241  16.3836
15251  15.3954
15261  15.9796
15271  16.8474
15281  16.0687
15291  16.8889
15301  15.3354
15311  15.9403
15321  17.9453
15331  14.6557
15341  16.2751
15351  14.4495
15361  16.877
15371  16.5673
15381  17.5155
15391  16.5121
15401  14.5142
15411  17.8158
15421  15.999
15431  16.9742
15441  16.982
15451  16.2196
15461  16.6592
15471  19.4656
15481  17.1025
15491  16.8695
15501  17.6241
15511  15.3438
15521  15.4876
15531  16.5359
15541  16.4484
15551  15.2338
15561  17.1425
15571  16.2475
15581  15.2625
15591  14.1069
15601  15.9753
15611  15.2509
15621  17.336
15631  16.021
15641  16.2447
15651  14.8891
15661  16.4087
15671  15.6328
15681  16.9318
15691  16.6031
15701  16.2437
15711  17.4118
15721  15.0372
15731  15.7002
15741  16.8369
15751  14.6016
15761  15.0943
15771  15.4683
15781  15.3443
15791  18.0419
15801  15.1272
15811  16.4389
15821  16.7423
15831  16.4978
15841  15.3999
15851  15.6748
15861  15.6183
15871  15.4134
15881  15.5098
15891  16.1115
15901  15.066
15911  17.2962
15921  15.7545
15931  16.4712
15941  16.1952
15951  18.3
15961  15.5786
15971  16.8471
15981  16.6822
15991  17.5865
16001  16.1385
16011  15.9136
16021  16.589
16031  17.0138
16041  15.9215
16051  16.9119
16061  17.663
16071  17.5113
16081  14.8928
16091  16.182
16101  16.4801
16111  15.2502
16121  17.2248
16131  17.9827
16141  16.9729
16151  15.553
16161  17.0473
16171  16.3237
16181  16.591
16191  17.4656
16201  16.2479
16211  14.6906
16221  15.2631
16231  15.3328
16241  17.6237
16251  15.0526
16261  17.3927
16271  15.8169
16281  15.8296
16291  16.335
16301  16.3557
16311  15.4037
16321  14.9679
16331  15.5954
16341  17.6158
16351  16.1459
16361  15.7521
16371  15.0736
16381  16.2469
16391  16.3678
16401  16.4005
16411  16.3988
16421  17.2967
16431  15.4948
16441  19.1025
16451  15.5724
16461  15.1461
16471  17.4683
16481  16.2093
16491  16.0385
16501  17.9832
16511  14.8167
16521  16.288
16531  16.6103
16541  15.388
16551  16.6014
16561  16.3745
16571  16.1474
16581  16.9442
16591  18.1316
16601  17.0294
16611  16.442
16621  14.5913
16631  15.4372
16641  16.544
16651  14.7706
16661  15.1962
16671  16.0879
16681  16.7362
16691  16.1341
16701  16.4101
16711  16.4456
16721  15.6983
16731  17.2134
16741  15.615
16751  15.308
16761  16.2629
16771  17.4971
16781  15.2009
16791  16.8942
16801  14.1189
16811  16.2381
16821  14.4036
16831  15.1417
16841  15.1958
16851  15.8514
16861  16.8394
16871  15.5715
16881  15.7621
16891  15.7853
16901  15.8716
16911  16.9526
16921  16.4853
16931  15.4598
16941  17.1064
16951  14.4138
16961  15.6757
16971  14.8517
16981  16.4822
16991  15.0767
17001  16.0687
17011  15.315
17021  16.9275
17031  15.7219
17041  14.8476
17051  15.2947
17061  18.1931
17071  14.9256
17081  14.6421
17091  13.4789
17101  17.5651
17111  16.9371
17121  16.7381
17131  15.7849
17141  14.7099
17151  17.1108
17161  16.088
17171  16.6994
17181  17.2593
17191  15.8971
17201  17.6306
17211  16.7026
17221  16.8456
17231  17.9034
17241  17.3288
17251  14.7848
17261  15.5392
17271  19.0912
17281  16.2242
17291  17.2102
17301  16.6266
17311  16.908
17321  16.3715
17331  17.012
17341  16.5004
17351  17.3586
17361  15.2418
17371  15.7603
17381  17.8415
17391  17.2493
17401  15.2216
17411  16.8441
17421  16.3421
17431  14.9805
17441  15.8009
17451  15.5746
17461  16.0554
17471  17.4793
17481  16.0876
17491  15.7578
17501  15.3959
17511  17.8504
17521  16.189
17531  16.0346
17541  17.5487
17551  17.6177
17561  17.2637
17571  15.6228
17581  16.0067
17591  16.1292
17601  15.3835
17611  15.0741
17621  14.8529
17631  16.0432
17641  15.9389
17651  16.7852
17661  16.8435
17671  16.2317
17681  16.3377
17691  16.6918
17701  15.6979
17711  16.0371
17721  13.9629
17731  15.9768
17741  16.8145
17751  16.7586
17761  15.4271
17771  16.4037
17781  16.0295
17791  16.7129
17801  14.7045
17811  15.1527
17821  15.1004
17831  16.0026
17841  17.3732
17851  17.5187
17861  16.2621
17871  15.1538
17881  14.0816
17891  17.9377
17901  17.2682
17911  16.3616
17921  15.7264
17931  15.8554
17941  17.053
17951  16.8596
17961  15.0036
17971  16.3853
17981  17.9666
17991  16.2328
18001  16.6197
18011  16.5913
18021  17.6442
18031  17.6098
18041  15.5081
18051  16.9112
18061  17.4186
18071  18.6805
18081  16.2864
18091  15.5042
18101  16.6535
18111  14.6965
18121  15.592
18131  16.7052
18141  18.1773
18151  16.4533
18161  15.9916
18171  15.7759
18181  16.11
18191  16.5083
18201  16.2614
18211  15.8214
18221  17.2273
18231  14.5613
18241  16.1046
18251  16.1518
18261  17.4424
18271  15.0808
18281  17.1409
18291  15.9057
18301  17.522
18311  15.7702
18321  17.2764
18331  15.7278
18341  15.2345
18351  17.016
18361  18.8634
18371  17.0342
18381  16.0292
18391  16.1462
18401  17.2607
18411  16.1762
18421  15.3104
18431  17.491
18441  16.8134
18451  16.6657
18461  16.0257
18471  16.6139
18481  16.5722
18491  16.1012
18501  15.2315
18511  17.7324
18521  16.3812
18531  15.8398
18541  15.2733
18551  16.3367
18561  16.5563
18571  13.8512
18581  15.8104
18591  16.6012
18601  15.8697
18611  18.2044
18621  16.0942
18631  16.4555
18641  16.3956
18651  16.0788
18661  16.6958
18671  17.4707
18681  16.7385
18691  15.3655
18701  17.0563
18711  15.9548
18721  15.9427
18731  17.809
18741  16.1874
18751  16.3299
18761  16.1736
18771  17.9188
18781  16.8497
18791  15.3567
18801  16.2861
18811  15.1031
18821  14.6326
18831  16.4846
18841  17.3067
18851  16.7336
18861  14.7041
18871  16.9042
18881  17.7196
18891  15.8394
18901  15.3973
18911  14.3217
18921  16.1638
18931  16.6232
18941  15.9491
18951  15.892
18961  16.9937
18971  16.4857
18981  15.413
18991  18.1484
19001  16.5935
19011  16.1786
19021  17.7446
19031  17.4733
19041  15.8738
19051  15.5931
19061  17.3937
19071  15.4749
19081  14.894
19091  18.1144
19101  16.2589
19111  16.9123
19121  17.8987
19131  15.4839
19141  16.8659
19151  15.0795
19161  16.6969
19171  15.7295
19181  15.9163
19191  15.5304
19201  16.2567
19211  16.6016
19221  17.9664
19231  15.0034
19241  15.9676
19251  15.4732
19261  16.5382
19271  15.2119
19281  17.8479
19291  14.8136
19301  15.7797
19311  16.9862
19321  15.7894
19331  16.0965
19341  15.4862
19351  17.5626
19361  17.7855
19371  17.6485
19381  16.8162
19391  16.9992
19401  14.798
19411  15.891
19421  15.5091
19431  15.2478
19441  16.0976
19451  16.0089
19461  17.2609
19471  15.6264
19481  15.9083
19491  15.4884
19501  15.0139
19511  16.8479
19521  17.6079
19531  16.7967
19541  15.4872
19551  17.0786
19561  16.6206
19571  17.4868
19581  15.9831
19591  15.7725
19601  15.3071
19611  16.4462
19621  16.8328
19631  17.1202
19641  17.1896
19651  16.4141
19661  16.425
19671  17.2845
19681  16.0582
19691  16.5208
19701  16.8478
19711  15.347
19721  16.5078
19731  15.6667
19741  15.1832
19751  15.1371
19761  16.1899
19771  16.0116
19781  14.8855
19791  14.4528
19801  17.4209
19811  15.4528
19821  17.1293
19831  17.0782
19841  15.6777
19851  16.7573
19861  16.21
19871  17.4611
19881  16.7339
19891  15.4487
19901  17.4034
19911  16.7769
19921  17.3347
19931  14.9479
19941  15.3823
19951  15.9462
19961  14.5356
19971  16.6667
19981  16.0537
19991  17.1186
